673999
26 0 -11.475073757158505
26 1 -9.18687740161656
26 2 -8.059691740504393
26 3 -8.899195329164778
26 4 -9.310110042040508
26 5 -10.088779396038614
26 6 -8.825864056079228
26 7 -10.712933705111608
26 8 -10.053688076227344
26 9 -12.32237161754571
26 10 -10.019786524551662
26 11 -7.621891251753293
26 12 -8.06912577273775
26 13 -7.338764995837372
26 14 -11.341542364533982
26 15 -8.538181983627448
26 16 -10.936077256425818
26 17 -7.551686993080044
26 18 -8.308996117857275
26 19 -8.978332649723502
26 20 -8.888384413060562
26 21 -9.924476344747339
26 22 -11.475073757158505
26 23 -11.223759328877598
26 24 -11.118398813219773
26 25 -10.530612148317653
27 0 -7.387897684415017
27 3 -11.475073757158505
27 4 -7.982904597290623
27 7 -10.648395183974037
27 8 -8.888384413060562
27 9 -13.420983906213818
27 11 -9.636794272295557
27 14 -8.045705498529653
27 17 -8.031912176397318
27 20 -8.5689536422942
27 24 -10.329941452855502
28 0 -6.869903571170414
28 2 -13.420983906213818
28 4 -8.04108655267336
28 7 -7.180708061043049
28 8 -8.910124399696969
28 11 -8.633492163431772
28 13 -11.475073757158505
28 14 -7.305091780730784
28 17 -8.553449455758235
28 19 -11.223759328877598
28 20 -8.943647091735611
28 24 -8.352079703993587
28 25 -11.629224436985764
29 0 -8.04108655267336
29 4 -8.228027055323608
29 7 -12.034689545093928
29 8 -7.815181839917821
29 9 -12.727836725653873
29 14 -8.561171501852145
29 17 -9.293849521168726
29 18 -13.420983906213818
29 20 -9.413650720981348
29 22 -12.034689545093928
29 24 -10.329941452855502
29 25 -13.420983906213818
30 0 -10.936077256425818
30 1 -10.936077256425818
30 2 -9.3434464623081
30 3 -9.707411839509511
30 5 -12.32237161754571
30 6 -10.530612148317653
30 7 -12.32237161754571
30 8 -11.341542364533982
30 9 -13.420983906213818
30 10 -12.32237161754571
30 11 -8.6087995508414
30 12 -9.636794272295557
30 13 -8.921174235883553
30 14 -10.856034548752282
30 15 -9.038957271539937
30 16 -12.034689545093928
30 17 -8.867107014613277
30 18 -9.508960900785672
30 19 -10.12514704020949
30 20 -8.250499911175666
30 21 -10.425251632659828
30 22 -13.420983906213818
30 23 -10.053688076227344
30 24 -13.420983906213818
30 25 -12.727836725653873
31 0 -9.014264658949566
31 4 -9.469740187632391
31 8 -9.014264658949566
31 9 -13.420983906213818
31 11 -9.489158273489492
31 14 -9.508960900785672
31 17 -8.729636023984675
31 20 -9.529163608103191
32 0 -8.022821204696065
32 4 -8.222486874947993
32 7 -10.856034548752282
32 8 -9.360540895667398
32 11 -9.130524465065427
32 12 -13.420983906213818
32 13 -10.648395183974037
32 14 -8.501002980385694
32 17 -8.397103385367542
32 20 -8.796011092929547
32 22 -12.727836725653873
32 24 -9.360540895667398
33 0 -7.952923765078687
33 4 -7.571659126266959
33 8 -8.458139275953911
33 11 -12.034689545093928
33 14 -8.35838887318685
33 17 -12.727836725653873
33 18 -12.727836725653873
33 20 -9.077178484360134
33 22 -13.420983906213818
33 24 -8.327233705407055
34 0 -10.936077256425818
34 1 -10.285489690284669
34 2 -9.732104452099883
34 3 -10.162887368192337
34 4 -13.420983906213818
34 5 -13.420983906213818
34 6 -10.648395183974037
34 7 -13.420983906213818
34 9 -12.727836725653873
34 10 -12.727836725653873
34 11 -9.894623381597658
34 12 -10.648395183974037
34 13 -8.932347536481679
34 14 -10.530612148317653
34 15 -11.811545993779719
34 17 -9.489158273489492
34 18 -8.955075787559235
34 19 -9.431999859649544
34 21 -13.420983906213818
34 23 -11.223759328877598
34 25 -11.629224436985764
35 0 -8.384031303800189
35 4 -8.80586338937256
35 7 -13.420983906213818
35 8 -10.530612148317653
35 14 -8.955075787559235
35 20 -8.667393715107453
35 22 -13.420983906213818
35 24 -12.727836725653873
36 0 -8.390545984821383
36 4 -9.262100822854146
36 7 -9.810065993569594
36 8 -9.24659663631818
36 9 -13.420983906213818
36 11 -10.530612148317653
36 13 -10.648395183974037
36 14 -8.921174235883553
36 15 -13.420983906213818
36 17 -9.986996701728671
36 18 -12.727836725653873
36 20 -9.469740187632391
36 22 -12.32237161754571
36 24 -11.023088633415448
37 0 -7.837487597432119
37 4 -7.837487597432119
37 7 -13.420983906213818
37 8 -8.200628081135493
37 11 -11.475073757158505
37 14 -8.36473810086551
37 20 -8.625193360617077
37 22 -13.420983906213818
37 24 -9.231329164187393
38 0 -6.913706193828807
38 1 -12.32237161754571
38 2 -12.727836725653873
38 3 -13.420983906213818
38 4 -7.470341353626091
38 8 -7.868024321292201
38 13 -11.629224436985764
38 14 -7.583253459047878
38 15 -12.727836725653873
38 17 -12.727836725653873
38 20 -8.720503540421403
38 22 -13.420983906213818
38 24 -8.625193360617077
39 0 -8.339579541229355
39 4 -8.0138121347537
39 6 -12.727836725653873
39 7 -12.727836725653873
39 8 -8.796011092929547
39 14 -8.538181983627448
39 20 -9.986996701728671
39 24 -10.12514704020949
40 0 -12.32237161754571
40 1 -11.223759328877598
40 2 -9.592342509724723
40 3 -9.68331428793045
40 4 -10.530612148317653
40 5 -12.727836725653873
40 6 -11.118398813219773
40 7 -12.727836725653873
40 8 -12.727836725653873
40 9 -12.727836725653873
40 10 -11.341542364533982
40 11 -9.201476201037712
40 12 -11.118398813219773
40 13 -10.202108081345617
40 14 -11.811545993779719
40 15 -9.360540895667398
40 17 -8.465156848612558
40 18 -9.103495792677508
40 19 -9.707411839509511
40 20 -11.629224436985764
40 21 -10.712933705111608
40 22 -11.223759328877598
40 23 -10.329941452855502
40 24 -13.420983906213818
40 25 -12.034689545093928
41 0 -7.255566051982398
41 4 -7.643331582991162
41 5 -12.727836725653873
41 7 -7.597938010730799
41 8 -8.302990093797064
41 11 -8.206048148604832
41 13 -11.475073757158505
41 14 -7.782629236880073
41 17 -8.004883504009397
41 18 -9.360540895667398
41 19 -9.262100822854146
41 20 -9.17248866416446
41 24 -8.888384413060562
42 14 -13.420983906213818
42 20 -9.103495792677508
43 0 -8.333387570981435
43 4 -8.932347536481679
43 7 -8.501002980385694
43 8 -9.277849179822285
43 14 -8.291085191290744
43 20 -8.921174235883553
43 24 -12.034689545093928
44 0 -7.204377805128954
44 1 -13.420983906213818
44 2 -7.895530967082034
44 4 -7.871907821318598
44 6 -13.420983906213818
44 7 -8.29701992681056
44 8 -7.923815680920616
44 9 -12.727836725653873
44 10 -10.376461468490396
44 11 -9.732104452099883
44 12 -10.329941452855502
44 13 -11.341542364533982
44 14 -8.35838887318685
44 15 -8.137780177475829
44 16 -10.242930075865873
44 17 -11.341542364533982
44 18 -13.420983906213818
44 19 -7.919725695669091
44 20 -8.576796819755227
44 21 -11.475073757158505
44 22 -9.894623381597658
44 24 -8.990167107370505
44 25 -13.420983906213818
45 0 -7.597938010730799
45 2 -11.475073757158505
45 4 -7.961398392069659
45 7 -8.031912176397318
45 8 -8.553449455758235
45 11 -12.034689545093928
45 12 -13.420983906213818
45 14 -8.553449455758235
45 17 -7.833735247813569
45 18 -11.118398813219773
45 20 -8.285185469163556
45 22 -12.034689545093928
45 24 -9.450691992661696
45 25 -11.629224436985764
46 0 -12.32237161754571
46 1 -11.223759328877598
46 2 -11.811545993779719
46 3 -11.811545993779719
46 4 -13.420983906213818
46 6 -11.811545993779719
46 8 -11.341542364533982
46 10 -12.727836725653873
46 11 -10.162887368192337
46 12 -10.856034548752282
46 13 -9.955248003414091
46 15 -12.727836725653873
46 17 -9.293849521168726
46 18 -10.648395183974037
46 19 -10.936077256425818
46 21 -12.727836725653873
46 25 -12.32237161754571
47 0 -8.767023556056294
47 4 -8.684785457819324
47 8 -8.932347536481679
47 11 -12.32237161754571
47 14 -9.894623381597658
47 20 -10.78192657659856
48 0 -8.486509973083127
48 4 -9.231329164187393
48 7 -9.894623381597658
48 8 -9.413650720981348
48 14 -10.329941452855502
48 17 -12.32237161754571
48 20 -11.811545993779719
48 24 -11.118398813219773
49 0 -10.530612148317653
49 4 -9.924476344747339
49 8 -10.425251632659828
49 12 -13.420983906213818
49 14 -13.420983906213818
49 24 -10.530612148317653
50 0 -9.262100822854146
50 4 -10.712933705111608
50 8 -11.341542364533982
50 14 -10.856034548752282
50 15 -12.034689545093928
50 16 -13.420983906213818
50 20 -9.955248003414091
50 21 -13.420983906213818
51 0 -9.277849179822285
51 4 -9.757422260084171
51 7 -13.420983906213818
51 8 -10.053688076227344
51 12 -13.420983906213818
51 14 -9.450691992661696
51 20 -11.023088633415448
51 22 -12.034689545093928
51 24 -10.088779396038614
0 0 -9.924476344747339
0 1 -5.368687406675171
0 2 -5.1279347664453745
0 3 -5.914941727695696
0 4 -6.732629192267057
0 5 -7.078862487492667
0 6 -5.983777539342525
0 7 -8.390545984821383
0 8 -6.451193236312228
0 9 -9.955248003414091
0 10 -7.178760640758653
0 11 -4.80033200642935
0 12 -5.6094154168686385
0 13 -4.431539613011366
0 14 -9.529163608103191
0 15 -5.597738215528295
0 16 -8.711453704901484
0 17 -4.784586467319104
0 18 -5.391876851594082
0 19 -4.324372299565979
0 20 -6.228801847500573
0 21 -7.122034659357875
0 22 -7.79696640002648
0 23 -7.903531009749111
0 24 -8.059691740504393
0 25 -7.737404138875137
1 0 -5.471539485963192
1 1 -7.965662790856117
1 2 -11.811545993779719
1 3 -9.293849521168726
1 4 -5.415616838897155
1 5 -11.118398813219773
1 7 -9.707411839509511
1 8 -5.625337369879224
1 9 -10.530612148317653
1 10 -12.32237161754571
1 11 -5.29653705049797
1 12 -10.856034548752282
1 13 -10.78192657659856
1 14 -5.868746618653017
1 15 -12.034689545093928
1 17 -5.849510257362548
1 18 -8.748155071751912
1 19 -9.570836304503759
1 20 -6.140286710829077
1 21 -12.034689545093928
1 22 -10.376461468490396
1 24 -8.684785457819324
2 0 -4.6507000871154185
2 2 -7.793362792523181
2 3 -11.118398813219773
2 4 -5.329356494612748
2 5 -13.420983906213818
2 6 -12.32237161754571
2 7 -4.763854874500064
2 8 -5.536407395617494
2 10 -6.577233957207594
2 11 -6.1409756533296305
2 12 -12.034689545093928
2 13 -9.614321416443499
2 14 -4.29533034240483
2 15 -13.420983906213818
2 16 -10.162887368192337
2 17 -5.737119925957389
2 18 -12.727836725653873
2 19 -5.810131115818567
2 20 -5.7731978607728855
2 22 -12.034689545093928
2 24 -6.6020598409382965
2 25 -10.530612148317653
3 0 -5.67945031693199
3 1 -8.75754481210175
3 2 -9.262100822854146
3 3 -8.102863912369601
3 4 -4.700686618821098
3 5 -8.877689123943814
3 6 -8.211497753372397
3 7 -8.333387570981435
3 8 -4.688034381917388
3 9 -9.508960900785672
3 10 -10.936077256425818
3 11 -6.600967541539688
3 12 -8.430551319435082
3 13 -7.592038288603611
3 14 -5.7679634924096295
3 15 -9.659783790520256
3 16 -12.034689545093928
3 17 -6.160461308123966
3 18 -8.088265112948449
3 19 -10.587770562157601
3 20 -6.579368429736226
3 21 -9.377932638379267
3 22 -8.35838887318685
3 24 -7.1984076381424495
3 25 -12.727836725653873
4 0 -5.626984816709823
4 1 -6.951733589418046
4 2 -5.698306389745815
4 3 -6.126606606924996
4 4 -6.8670505021880075
4 5 -6.862786103401549
4 6 -6.864205550055776
4 7 -7.965662790856117
4 8 -6.894489046643028
4 9 -9.68331428793045
4 10 -8.667393715107453
4 11 -5.166715136123635
4 12 -5.771291282502304
4 13 -4.352668034267054
4 14 -6.277366303509696
4 15 -5.80716522140519
4 16 -7.7006721296064065
4 17 -4.082778163239739
4 18 -4.727151941139124
4 19 -5.474012548520228
4 20 -6.957954449293148
4 21 -6.9896528242803395
4 22 -7.325159343781594
4 23 -5.9221141722368875
4 24 -8.112716208812614
4 25 -9.130524465065427
5 0 -6.311921770526646
5 1 -10.648395183974037
5 2 -12.32237161754571
5 3 -11.341542364533982
5 4 -6.1639811991217455
5 5 -7.343341662864784
5 6 -12.034689545093928
5 7 -10.648395183974037
5 8 -5.919901781953947
5 9 -12.32237161754571
5 10 -11.811545993779719
5 11 -6.154855126657368
5 12 -11.223759328877598
5 13 -11.475073757158505
5 14 -5.758046055752283
5 15 -11.629224436985764
5 17 -6.556136128242958
5 18 -10.712933705111608
5 19 -8.51570912777539
5 20 -6.358792273927262
5 22 -10.587770562157601
5 24 -10.648395183974037
5 25 -12.727836725653873
6 0 -5.768913160097337
6 1 -9.450691992661696
6 2 -11.223759328877598
6 3 -9.68331428793045
6 4 -5.501627715553202
6 5 -10.019786524551662
6 6 -7.640240390421488
6 7 -6.940939344287165
6 8 -5.833166686220391
6 9 -13.420983906213818
6 10 -11.223759328877598
6 11 -5.858302659491934
6 12 -8.163488534186037
6 13 -7.082389828010635
6 14 -6.1492801993264505
6 15 -10.936077256425818
6 17 -5.765593261387666
6 18 -8.932347536481679
6 19 -9.508960900785672
6 20 -6.3725974974919355
6 22 -9.360540895667398
6 24 -7.707251100704449
7 0 -5.3773205538198745
7 1 -9.360540895667398
7 2 -9.986996701728671
7 3 -9.592342509724723
7 4 -4.950672700697711
7 5 -9.051536053746796
7 6 -10.648395183974037
7 7 -9.732104452099883
7 8 -5.300395194473548
7 9 -12.32237161754571
7 10 -11.223759328877598
7 11 -7.437047625526628
7 12 -8.09797392707541
7 13 -7.713873641464943
7 14 -5.170886153640973
7 15 -9.262100822854146
7 16 -13.420983906213818
7 17 -6.488536014641309
7 18 -9.310110042040508
7 19 -7.2789465006264615
7 20 -6.847303739253173
7 21 -11.023088633415448
7 22 -9.18687740161656
7 24 -5.51370029678747
7 25 -11.811545993779719
8 0 -5.210859501049552
8 1 -6.570857740068318
8 2 -4.832586955791249
8 3 -5.467314127564021
8 4 -6.46825526158895
8 5 -6.140286710829077
8 6 -6.321782162660726
8 7 -8.51570912777539
8 8 -8.676051777850569
8 9 -10.162887368192337
8 10 -7.142462482047974
8 11 -5.461707946097422
8 12 -5.7703393547769215
8 13 -3.9515924445850072
8 14 -4.843636791977834
8 15 -6.333410200655845
8 16 -8.767023556056294
8 17 -6.1492801993264505
8 18 -4.661943178689599
8 19 -4.806482532330583
8 20 -7.047664116636805
8 21 -5.954756349998338
8 22 -10.162887368192337
8 23 -9.431999859649544
8 24 -10.648395183974037
8 25 -6.060244003155541
9 0 -7.397536313252785
9 3 -12.727836725653873
9 4 -7.829996925702962
9 7 -12.034689545093928
9 8 -8.553449455758235
9 9 -13.420983906213818
9 13 -13.420983906213818
9 14 -7.707251100704449
9 15 -13.420983906213818
9 17 -12.727836725653873
9 20 -7.2789465006264615
9 24 -12.32237161754571
10 0 -7.0157554481829765
10 1 -9.038957271539937
10 2 -10.242930075865873
10 3 -10.648395183974037
10 4 -6.055171069004346
10 5 -9.18687740161656
10 6 -10.78192657659856
10 7 -8.493730221056614
10 8 -6.395445591575298
10 9 -11.118398813219773
10 10 -10.712933705111608
10 11 -7.510187262173291
10 12 -8.80586338937256
10 13 -7.764992095393966
10 14 -7.723890419708414
10 15 -9.757422260084171
10 17 -8.58470199926234
10 18 -8.027356359861457
10 19 -9.326639343991717
10 20 -8.729636023984675
10 21 -11.475073757158505
10 22 -8.5689536422942
10 24 -9.549782895305928
10 25 -13.420983906213818
11 0 -4.841003726698816
11 1 -8.711453704901484
11 2 -8.37112789896428
11 3 -7.7039562048075965
11 4 -4.881833547445539
11 5 -8.867107014613277
11 6 -8.545786583012667
11 7 -9.051536053746796
11 8 -4.5363736743269465
11 9 -13.420983906213818
11 10 -9.130524465065427
13 52 -12.727836725653873
11 11 -5.4972735722445805
11 12 -7.758023426077872
11 13 -7.911595569585841
11 14 -4.994591079124078
11 15 -8.127679081489326
11 16 -12.727836725653873
11 17 -9.894623381597658
11 18 -8.333387570981435
11 19 -7.526581071948967
11 20 -6.182487065319453
11 21 -8.966636609960311
11 22 -8.966636609960311
11 24 -6.927230066362132
11 25 -11.475073757158505
12 0 -4.817062711287757
12 1 -7.212393880117189
12 2 -11.223759328877598
12 3 -10.936077256425818
12 4 -4.895227484137093
12 5 -9.783397746487433
12 6 -11.475073757158505
12 7 -10.162887368192337
12 8 -5.00316915877786
12 10 -11.475073757158505
12 11 -8.75754481210175
12 12 -7.402390691717583
12 13 -8.523144106262906
12 14 -5.1599741201899905
12 15 -6.9378765547566195
12 17 -10.712933705111608
12 18 -8.899195329164778
12 19 -10.856034548752282
12 20 -6.091234217172306
12 21 -11.341542364533982
12 22 -10.019786524551662
12 24 -6.733875298347304
13 0 -5.320822459277211
13 1 -8.836016427543246
13 2 -5.953612839296259
13 3 -6.056436891958176
13 4 -4.761596949094406
13 5 -8.112716208812614
13 6 -6.0167047881765505
13 7 -8.767023556056294
13 8 -5.006044948836337
13 9 -9.837464967757708
13 10 -7.494057880243408
13 11 -7.875806461734256
13 12 -8.796011092929547
13 13 -7.341050711118228
13 14 -4.75468129220974
13 15 -9.614321416443499
13 16 -8.776593007072446
13 17 -9.707411839509511
13 18 -6.352811905825776
13 19 -5.276304722766059
13 20 -6.808942871380727
13 21 -8.990167107370505
13 22 -8.867107014613277
13 23 -11.475073757158505
13 24 -7.895530967082034
13 25 -9.377932638379267
14 0 -7.034104586851173
14 1 -6.35451693607686
14 2 -5.610631222489529
14 3 -6.1789015469568564
14 4 -7.422047344267135
14 5 -7.652662910420046
14 6 -5.670799743955981
14 7 -8.122666539665781
14 8 -6.296505643720394
14 9 -10.712933705111608
14 10 -8.09797392707541
14 11 -5.396449034608122
14 12 -5.23926345108571
14 13 -4.89324650092191
14 14 -6.433493659212828
14 15 -5.271093361811396
14 16 -9.24659663631818
14 17 -4.779981429071294
14 18 -5.361391577326273
14 19 -5.731155237477334
14 20 -5.073156560431319
14 21 -5.5755678696213335
14 22 -7.345637875125134
14 23 -7.118364930468913
14 24 -8.625193360617077
14 25 -8.458139275953911
15 0 -4.944612709317836
15 1 -9.377932638379267
15 2 -10.476544927047378
15 3 -10.856034548752282
15 4 -4.956769639588467
15 5 -9.757422260084171
15 6 -11.023088633415448
15 7 -4.857097986805599
15 8 -5.517757097483085
15 9 -11.341542364533982
15 10 -10.329941452855502
15 11 -5.638593570626359
15 12 -9.130524465065427
15 13 -8.04108655267336
15 14 -5.02505480229062
15 15 -7.0894820563201275
15 17 -4.622831188106627
15 18 -6.29409309731501
15 19 -6.5102331182518824
15 20 -6.1796176228915005
15 22 -9.231329164187393
15 24 -6.976852649513377
16 0 -13.420983906213818
16 4 -12.727836725653873
16 8 -12.727836725653873
16 14 -13.420983906213818
16 20 -5.976150632321625
17 0 -4.475520954036153
17 1 -7.462559213184036
17 2 -6.72148356605214
17 3 -6.826570446464039
17 4 -4.278173191031235
17 5 -7.818865085334117
17 6 -7.480812653493387
17 7 -6.747685938446164
17 8 -4.6533433289560255
17 9 -10.088779396038614
17 10 -8.244834173639989
17 11 -7.127564627367336
17 12 -6.536497254171035
17 13 -7.1147086192658024
17 14 -4.527273928645309
17 15 -6.871333163980008
17 16 -10.587770562157601
17 17 -6.845908065614198
17 18 -6.687582014376459
17 19 -6.357079944741749
17 20 -6.237113191151366
17 21 -8.327233705407055
17 22 -8.03648884342473
17 24 -7.080624602486066
17 25 -11.475073757158505
18 0 -5.460311297825701
18 1 -9.130524465065427
18 2 -5.454050407808978
18 3 -10.285489690284669
18 4 -4.976146376989721
18 5 -9.262100822854146
18 6 -10.476544927047378
18 7 -5.607796638692402
18 8 -4.951511451008993
18 9 -12.727836725653873
18 10 -7.140588067253623
18 11 -6.385715306932721
18 12 -6.786350548352132
18 13 -6.756574885863411
18 14 -5.564277113117978
18 15 -5.460660277064978
18 16 -7.462559213184036
18 17 -10.712933705111608
18 18 -6.224297335379468
18 19 -4.611121100834761
18 20 -4.927468842152158
18 21 -11.023088633415448
18 22 -7.190502458635336
18 24 -6.479793851145444
18 25 -12.034689545093928
19 0 -4.837441334256047
19 1 -9.014264658949566
19 2 -7.627970297829674
19 3 -9.955248003414091
19 4 -4.503405152432715
19 5 -8.279320349711158
19 6 -9.757422260084171
19 7 -4.931984449168363
19 8 -4.087541337103652
19 9 -10.936077256425818
19 10 -11.629224436985764
19 11 -6.659411137409762
19 12 -7.987261902659578
19 13 -8.291085191290744
19 14 -4.674267556519332
19 15 -8.846272927710435
19 17 -4.711518827150458
19 18 -7.996033888732415
19 19 -6.613048962513892
19 20 -5.799298907489208
19 21 -10.376461468490396
19 22 -7.499405486570002
19 23 -13.420983906213818
19 24 -6.748950960752751
19 25 -9.592342509724723
20 0 -6.921196865557964
20 1 -7.439569694959338
20 2 -6.956395602523857
20 3 -6.498340014737931
20 4 -7.488738718765807
20 5 -8.64186041310229
20 6 -7.800583040496668
20 7 -10.712933705111608
20 8 -6.940939344287165
20 9 -11.023088633415448
20 10 -9.326639343991717
20 11 -5.443701919458668
20 12 -6.413383292261965
20 13 -3.778471583300907
20 14 -8.256197932290304
20 15 -6.722715852098405
20 16 -11.475073757158505
20 17 -5.509659887250465
20 18 -6.015488243014346
20 19 -6.4170097694911385
20 20 -11.341542364533982
20 21 -8.867107014613277
20 22 -12.32237161754571
20 23 -9.924476344747339
20 24 -10.648395183974037
20 25 -10.476544927047378
21 0 -6.159758814241897
21 3 -13.420983906213818
21 4 -5.571270148608948
21 8 -5.832154027906005
21 11 -12.727836725653873
21 13 -13.420983906213818
21 14 -6.900362778655122
21 17 -10.376461468490396
21 18 -12.727836725653873
21 20 -8.451170606637818
21 21 -12.034689545093928
21 24 -10.936077256425818
21 25 -12.727836725653873
22 0 -6.156953763314289
22 1 -9.469740187632391
22 2 -11.223759328877598
22 3 -10.242930075865873
22 4 -6.660569215130391
22 5 -10.329941452855502
22 6 -11.223759328877598
22 7 -6.841732694203717
22 8 -6.416101916500958
22 9 -13.420983906213818
22 10 -11.475073757158505
22 11 -8.877689123943814
22 12 -10.285489690284669
22 13 -8.943647091735611
22 14 -6.505260457582504
22 15 -10.376461468490396
22 17 -7.899522988351571
22 18 -9.395632215478669
22 19 -10.376461468490396
22 20 -9.450691992661696
22 22 -10.648395183974037
22 24 -10.376461468490396
22 25 -11.118398813219773
23 0 -8.244834173639989
23 1 -12.727836725653873
23 2 -8.990167107370505
23 3 -13.420983906213818
23 4 -8.132716875519282
23 7 -10.053688076227344
23 8 -7.3571986975262105
23 11 -11.223759328877598
23 12 -12.034689545093928
23 13 -12.32237161754571
23 14 -9.18687740161656
23 15 -8.36473810086551
23 16 -12.32237161754571
23 17 -12.727836725653873
23 18 -12.32237161754571
23 19 -9.00214329841722
23 20 -9.659783790520256
23 21 -12.727836725653873
23 22 -11.341542364533982
23 24 -8.5689536422942
24 0 -7.283256852127584
24 1 -8.921174235883553
24 2 -7.504781843606383
24 3 -8.093107737424237
24 4 -7.618865530836755
24 5 -9.592342509724723
24 6 -8.073876375496349
24 7 -9.659783790520256
24 8 -8.055007891191966
24 9 -13.420983906213818
24 10 -11.341542364533982
24 11 -6.930260371711311
24 12 -7.526581071948967
24 13 -7.624926155448446
24 14 -7.510187262173291
24 15 -7.259776584518741
24 17 -7.758023426077872
24 18 -7.0357895072160925
24 19 -7.4048267465154645
24 20 -9.614321416443499
24 21 -11.341542364533982
24 22 -9.732104452099883
24 23 -11.629224436985764
24 24 -13.420983906213818
24 25 -9.865635844724405
25 0 -7.16908002304793
25 1 -11.811545993779719
25 2 -12.727836725653873
25 3 -11.811545993779719
25 4 -7.240967252561245
25 5 -13.420983906213818
25 6 -11.811545993779719
25 7 -12.32237161754571
25 8 -7.723890419708414
25 11 -9.277849179822285
25 12 -13.420983906213818
25 13 -13.420983906213818
25 14 -6.875634245879398
25 15 -13.420983906213818
25 17 -12.727836725653873
25 18 -12.727836725653873
25 19 -12.32237161754571
25 20 -10.285489690284669
25 22 -11.629224436985764
25 24 -8.384031303800189
25 25 -9.116918813009649
