0 0 -7.688788481900895
0 1 -3.748896861435106
0 2 -3.136248597654987
0 3 -3.291441590401485
0 4 -6.762208356114567
0 5 -4.666874099700024
0 6 -3.918632386264014
0 7 -6.467703031725988
0 8 -3.333130645564849
0 9 -6.794634866409471
0 10 -4.116129735152021
0 11 -2.359101308486214
0 12 -3.489977020101021
0 13 -1.681131035739922
0 14 -7.631368927621866
0 15 -3.931014661263394
0 16 -8.187819154192727
0 17 -2.176202288204844
0 18 -2.526711729628922
0 19 -2.096336600522206
0 20 -4.294464905860272
0 21 -3.675926922343680
0 22 -5.098084877121600
0 23 -6.623174977518073
0 24 -3.502099241367505
0 25 -6.087036173265774
0 26 -2.481764189851945
1 0 -2.296569433584096
1 1 -4.265835209016545
1 2 -4.921043171400263
1 3 -7.469785383668070
1 4 -1.344685282693869
1 5 -9.397346394055186
1 6 -9.849331517798243
1 7 -7.599544610371169
1 8 -2.853434548490394
1 9 -5.628144551102417
1 10 -9.434387665735535
1 11 -2.260559478062990
1 12 -6.784606372757301
1 13 -6.218535274765332
1 14 -1.994595583217139
1 15 -8.592495223915240
1 16 -8.904869908957393
1 17 -2.539717626302054
1 18 -3.645235622335506
1 19 -5.672310357003269
1 20 -2.119621304468052
1 21 -6.490942228627973
1 22 -8.323275214303195
1 23 -12.711532398727712
1 24 -2.737260247473623
1 25 -10.765622249672399
1 26 -4.131552219212709
2 0 -1.953311701848516
2 1 -8.173307626695761
2 2 -4.029891170481264
2 3 -7.202887389598771
2 4 -1.931354929464297
2 5 -9.371380708894510
2 6 -8.503292078838232
2 7 -1.852635118395582
2 8 -2.890404306515668
2 9 -10.385435609534555
2 10 -2.983495095988680
2 11 -3.134243982755059
2 12 -6.767965070605176
2 13 -7.640245861482889
2 14 -1.670420001197257
2 15 -8.379582424512210
2 16 -7.179617641583812
2 17 -3.139896213510006
2 18 -5.236057301708730
2 19 -2.599029723781379
2 20 -3.339870939463932
2 21 -7.839374536593225
2 22 -9.837470438819109
2 23 -12.897741233510670
2 24 -4.705447502363031
2 25 -8.933758489151813
2 26 -3.547928816247894
3 0 -3.020636031653063
3 1 -6.579441313526334
3 2 -6.247682361357219
3 3 -4.344227031647372
3 4 -1.862529758972703
3 5 -6.357343240613678
3 6 -4.764187798671492
3 7 -6.781389964433977
3 8 -2.299363223233611
3 9 -7.073343722151061
3 10 -8.599057618520696
3 11 -4.655413875720528
3 12 -5.813026191103153
3 13 -5.164054927784284
3 14 -2.864735755867296
3 15 -7.361025794602842
3 16 -8.853188156801245
3 17 -3.715093165063403
3 18 -3.476219131639172
3 19 -7.182707674668697
3 20 -3.615289215055597
3 21 -5.116848888838049
3 22 -5.998996055482583
3 23 -11.651485235751233
3 24 -4.580407183773426
3 25 -9.541272035404644
3 26 -0.715094971473187
4 0 -2.868179102930458
4 1 -5.235447808314363
4 2 -3.611563119401046
4 3 -2.685681392198230
4 4 -3.453743839711017
4 5 -4.687190533381049
4 6 -4.859816819146611
4 7 -6.344227274860037
4 8 -4.519086415462463
4 9 -8.189007480405500
4 10 -5.853042964602145
4 11 -3.287963508146918
4 12 -3.880644071501890
4 13 -2.429266009621979
4 14 -5.075174256711444
4 15 -4.562845207605894
4 16 -6.412197568824552
4 17 -2.001388309533084
4 18 -2.450063516808470
4 19 -3.538429329169310
4 20 -5.568691565310162
4 21 -4.133786126816421
4 22 -4.571536941476121
4 23 -4.395843208225879
4 24 -4.435247999483232
4 25 -7.579120951145552
4 26 -1.175921574924455
5 0 -2.586405817331159
5 1 -8.332514573220020
5 2 -7.441162789693117
5 3 -9.050600702127218
5 4 -2.419677479572796
5 5 -2.923665356380140
5 6 -7.378520003720445
5 7 -8.954372670032665
5 8 -2.391863788099283
5 9 -8.608767949848179
5 10 -9.102425769991804
5 11 -3.648378424254056
5 12 -7.692477217974024
5 13 -8.892130361155443
5 14 -1.669142835408342
5 15 -7.790648630059381
5 16 -9.123931975212768
5 17 -2.361114510349854
5 18 -5.949053470735346
5 19 -3.461575542210864
5 20 -3.246500709407345
5 21 -10.426844727393608
5 22 -8.104457007103381
5 23 -10.090372490772394
5 24 -5.848018516745118
5 25 -10.601198114538384
5 26 -1.195619960501701
6 0 -2.853510178268338
6 1 -7.264348510180765
6 2 -7.344391217854302
6 3 -6.741290317979140
6 4 -1.844403655511030
6 5 -7.299134626266181
6 6 -4.130192982537212
6 7 -2.328240298625590
6 8 -2.978818656479895
6 9 -10.201973152927476
6 10 -8.632014051467163
6 11 -3.493416535102235
6 12 -6.180661871729331
6 13 -3.704711734091103
6 14 -2.676715826514813
6 15 -7.586226902180663
6 16 -9.558422913506902
6 17 -2.494823474191174
6 18 -3.776006806900222
6 19 -5.653202655401509
6 20 -3.249738061277029
6 21 -9.665668443860500
6 22 -7.366864073706360
6 23 -12.249665996292730
6 24 -4.871907088064858
6 25 -9.646976310848347
6 26 -1.097090075485592
7 0 -1.802662180293184
7 1 -6.749552745157368
7 2 -7.418425777594671
7 3 -7.231589540446191
7 4 -0.804883656167255
7 5 -7.849556822498300
7 6 -9.369780586198216
7 7 -8.945387468204533
7 8 -2.160958686509778
7 9 -10.929518830080044
7 10 -9.382601274627278
7 11 -5.876559639579991
7 12 -6.697170567693981
7 13 -5.346820287595143
7 14 -2.359842446424969
7 15 -8.728932905041120
7 16 -8.816554596361565
7 17 -4.310213595132066
7 18 -5.580969338045675
7 19 -3.704235868464655
7 20 -4.486110482396845
7 21 -9.041531328757436
7 22 -7.108150192920030
7 23 -12.346584849866689
7 24 -5.132080435715545
7 25 -12.123441298552478
7 26 -2.243350323822747
8 0 -3.555086406652794
8 1 -4.897013976345114
8 2 -2.773221894068696
8 3 -3.341836649645162
8 4 -3.253483901924368
8 5 -3.973534733827690
8 6 -3.458013478425351
8 7 -8.548189682074720
8 8 -7.806424885012063
8 9 -8.550002919198901
8 10 -4.738351884666507
8 11 -2.886620316029876
8 12 -3.566595208453701
8 13 -1.297878226749894
8 14 -2.847352361385959
8 15 -4.595031687635944
8 16 -6.710692782666792
8 17 -3.420641295830621
8 18 -2.180938250481775
8 19 -2.014521975508492
8 20 -6.841796040674451
8 21 -3.508546837502863
8 22 -9.332308640840392
8 23 -5.936017454791593
8 24 -8.743640530310467
8 25 -5.889273907291908
8 26 -3.668673234197603
9 0 -2.123923497031578
9 1 -8.743996703561935
9 2 -6.994796848752675
9 3 -7.763167450550208
9 4 -1.926895792847928
9 5 -7.591317193623549
9 6 -8.456314631110153
9 7 -7.134558791127834
9 8 -4.038981182604127
9 9 -7.732395791883454
9 10 -7.134558791127834
9 11 -8.137860899991619
9 12 -7.702542828733773
9 13 -7.565341707220288
9 14 -1.002861398044446
9 15 -6.966223476308620
9 16 -10.130291064681824
9 17 -6.751566538871728
9 18 -5.976629925303305
9 19 -8.520853152247724
9 20 -1.107606451090299
9 21 -8.338531595453770
9 22 -7.378755751639876
9 23 -10.535756172789990
9 24 -8.831008080551564
9 25 -9.842608992230044
9 26 -4.761204627245581
10 0 -3.661802289824155
10 1 -5.996155112620378
10 2 -7.071888618903556
10 3 -6.382319259691495
10 4 -1.133081077569845
10 5 -4.956924815798369
10 6 -5.843920309021405
10 7 -5.260676723748686
10 8 -1.827367676961189
10 9 -8.174078728919550
10 10 -6.606359270052742
10 11 -3.922975523437589
10 12 -5.702704085350126
10 13 -3.142797814853378
10 14 -4.713058227245062
10 15 -5.850216237478220
10 16 -11.320383860952916
10 17 -5.736887552171217
10 18 -2.691828201683217
10 19 -5.399475907308068
10 20 -5.656555701803747
10 21 -8.501985602681840
10 22 -5.884480831452316
10 23 -10.067620892457548
10 24 -4.053905736414746
10 25 -10.308782949274436
10 26 -1.230686487395898
11 0 -2.268009468543861
11 1 -6.323548046415615
11 2 -6.086349879395827
11 3 -2.953262290480103
11 4 -1.787535580666120
11 5 -4.708314992486089
11 6 -6.821353390007722
11 7 -7.573579705599490
11 8 -2.066062810696666
11 9 -9.192610017725029
11 10 -4.908940368331637
11 11 -2.078565682811795
11 12 -5.125438551588964
11 13 -6.726452333662106
11 14 -2.511430377757257
11 15 -5.205524246533976
11 16 -10.591025739377265
11 17 -6.364370040935871
11 18 -3.433499227648232
11 19 -3.821075781617144
11 20 -3.689092252235247
11 21 -5.318276368455553
11 22 -5.823239067674551
11 23 -11.008760940077243
11 24 -2.532420607855101
11 25 -9.192610017725029
11 26 -1.960203385153826
12 0 -1.786325942742504
12 1 -3.543434912091488
12 2 -6.086833811855370
12 3 -7.790653829781242
12 4 -1.397989209289891
12 5 -6.250391021180839
12 6 -8.025343372092513
12 7 -7.921274012198306
12 8 -2.257637484794027
12 9 -10.327928465086558
12 10 -8.834661984414499
12 11 -6.001448640358284
12 12 -3.361691275712687
12 13 -5.894810169254965
12 14 -2.157615029510345
12 15 -2.688674156096324
12 16 -8.771483082792969
12 17 -6.275863051708564
12 18 -3.760802438251136
12 19 -7.250170339926976
12 20 -3.414351455633303
12 21 -9.431182329285374
12 22 -8.232486582060280
12 23 -10.989326947331923
12 24 -3.431136287701305
12 25 -9.284578855093498
12 26 -2.031454347052971
13 0 -3.330200208070036
13 1 -6.737986960973650
13 2 -3.271780566501456
13 3 -1.847185024732348
13 4 -2.472126098659857
13 5 -5.252704475549991
13 6 -1.975637774456473
13 7 -6.442485491782565
13 8 -3.188524266907503
13 9 -6.650308285583463
13 10 -4.691235118965246
13 11 -4.939998932121939
13 12 -5.505803229217428
13 13 -4.455173095576514
13 14 -3.100358642908971
13 15 -7.088592568280864
13 16 -7.573816075073641
13 17 -7.112534780053786
13 18 -3.078409613437785
13 19 -2.217470384918561
13 20 -4.644032530625374
13 21 -5.275601197545861
13 22 -6.856571342934636
13 23 -8.481276727499525
13 24 -4.403211701922789
13 25 -7.529717856787912
13 26 -1.460642563465767
14 0 -4.695477102624066
14 1 -4.715773172777642
14 2 -4.194286031578066
14 3 -4.055136374952162
14 4 -5.442955847613914
14 5 -2.500499634912868
14 6 -4.457750557468614
14 7 -5.980540230376628
14 8 -4.500940126368308
14 9 -6.763746156962181
14 10 -4.282634578142732
14 11 -3.338378846490810
14 12 -2.820950791002321
14 13 -1.856346206874748
14 14 -3.255446869966939
14 15 -3.583222401203325
14 16 -9.248073935532858
14 17 -2.050849120065036
14 18 -3.572021958634037
14 19 -3.101595985612041
14 20 -2.130232201536028
14 21 -3.834755176290316
14 22 -3.273054637195692
14 23 -6.353083231780400
14 24 -5.595613567242115
14 25 -7.227630734614979
14 26 -2.128404587188061
15 0 -2.047520280759383
15 1 -6.624927890110365
15 2 -7.226125412040098
15 3 -6.171716123534514
15 4 -1.754462062159875
15 5 -7.039434651135480
15 6 -8.092766235270432
15 7 -3.191695884917531
15 8 -2.773593639968302
15 9 -9.294138257896310
15 10 -7.485210985045891
15 11 -2.263200405619717
15 12 -4.455385688786264
15 13 -8.039521720751620
15 14 -2.117129413359530
15 15 -2.913795626354962
15 16 -10.236746298087839
15 17 -2.052455721978551
15 18 -3.646949039775633
15 19 -3.815069831208113
15 20 -3.256360328070795
15 21 -9.494808953358463
15 22 -7.891740489209842
15 23 -11.240048406951624
15 24 -5.296056710233807
15 25 -9.543599117527894
15 26 -2.561463284498236
16 0 -4.647654254588312
16 1 -7.875064981906350
16 2 -6.048214192867025
16 3 -8.434680769841773
16 4 -7.295246486653409
16 5 -9.127827950401718
16 6 -9.415510022853500
16 7 -8.211537218527564
16 8 -5.046062170386478
16 9 -10.514122311521609
16 10 -9.820975130961664
16 11 -8.316897734185389
16 12 -7.806072110419399
16 13 -10.514122311521609
16 14 -7.806072110419399
16 15 -9.127827950401718
16 16 -7.806072110419399
16 17 -7.949172954060073
16 18 -5.510176005576150
16 19 -7.017614750055129
16 20 -0.062253268693056
16 21 -7.181917801346406
16 22 -9.415510022853500
16 23 -9.820975130961664
16 24 -9.415510022853500
16 25 -10.514122311521609
16 26 -3.434095811599019
17 0 -2.538169107936802
17 1 -5.382292613122958
17 2 -4.550725267870516
17 3 -3.665035421357373
17 4 -1.451224484291117
17 5 -5.467390129650875
17 6 -4.323659819275265
17 7 -6.211545589892274
17 8 -2.401297136690267
17 9 -9.389806695606284
17 10 -3.976385390311467
17 11 -4.334543722478872
17 12 -4.088285511542998
17 13 -3.777368808117653
17 14 -2.343029527384821
17 15 -5.578731622835089
17 16 -8.660025381866559
17 17 -4.209757557028254
17 18 -2.845608552934717
17 19 -3.051792923926733
17 20 -4.082031706137791
17 21 -4.665814765402946
17 22 -6.231642561021484
17 23 -10.781088598237215
17 24 -3.451024204622021
17 25 -9.026684915552929
17 26 -1.693062763680389
18 0 -3.258542388645793
18 1 -6.424071117397991
18 2 -4.021882506518058
18 3 -6.640241581820341
18 4 -2.290795405701112
18 5 -6.348147274035295
18 6 -7.447703404208111
18 7 -3.011547115443279
18 8 -2.776060043528118
18 9 -9.558802265758638
18 10 -4.770531099710322
18 11 -4.675690272517970
18 12 -4.799882482872560
18 13 -5.345419229285857
18 14 -2.994814777198393
18 15 -3.620972934483288
18 16 -6.633003155251241
18 17 -7.276897378002132
18 18 -3.176234509922101
18 19 -1.907982458008937
18 20 -3.402777744846682
18 21 -9.047976641992648
18 22 -5.377958153414368
18 23 -11.145117760771884
18 24 -5.282136146742583
18 25 -9.921342329149768
18 26 -0.960422621534579
19 0 -3.057952228391665
19 1 -6.761483913378789
19 2 -5.438987606868746
19 3 -7.952909501652636
19 4 -2.288630850324142
19 5 -7.023242300820778
19 6 -8.632024260459959
19 7 -1.265940828079425
19 8 -2.380019305299138
19 9 -10.015045296234879
19 10 -9.348389731121910
19 11 -4.630970061322530
19 12 -5.893089805605982
19 13 -6.514387121042087
19 14 -2.234605653761821
19 15 -7.929089073533850
19 16 -11.713278707452112
19 17 -3.330147661729789
19 18 -3.409676623281271
19 19 -3.889861465658233
19 20 -3.885297592142370
19 21 -6.789395083812407
19 22 -4.607258221278884
19 23 -11.056499171063042
19 24 -4.019748233325643
19 25 -7.775170331548290
19 26 -1.563899737949329
20 0 -3.398701193984104
20 1 -3.779604999806821
20 2 -3.181502209170876
20 3 -3.537165175959390
20 4 -3.369750990464101
20 5 -5.314265819955176
20 6 -3.236889408301918
20 7 -8.281137323448533
20 8 -3.540381821099374
20 9 -8.240591229054182
20 10 -4.663253977488066
20 11 -2.512126910185192
20 12 -3.398283155622997
20 13 -2.108587615753383
20 14 -6.410396717771899
20 15 -3.141330702728939
20 16 -9.206086118065802
20 17 -1.817994902872454
20 18 -2.088351822123021
20 19 -1.991837679342415
20 20 -8.774868513855223
20 21 -7.157552113849043
20 22 -8.425565307297267
20 23 -6.675845926976280
20 24 -5.798820230567266
20 25 -6.869309660323477
20 26 -3.090117212729764
21 0 -2.624786763867703
21 1 -10.585173852846491
21 2 -8.450469632491606
21 3 -7.999462503936526
21 4 -0.423807605460788
21 5 -8.472209619128012
21 6 -8.552252326801549
21 7 -8.793414383618437
21 8 -1.613910110397281
21 9 -11.037158976589549
21 10 -10.903627583965026
21 11 -7.835574648831409
21 12 -10.585173852846491
21 13 -8.905531681739143
21 14 -2.903529629328375
21 15 -8.734573883595504
21 16 -10.344011796029603
21 17 -7.266041424238640
21 18 -7.099746737156583
21 19 -9.687232259640533
21 20 -6.261643424854219
21 21 -8.027242068043602
21 22 -9.724972587623380
21 23 -11.884456836976753
21 24 -5.619789538681824
21 25 -11.596774764524971
21 26 -4.643568222638917
22 0 -1.771304160961341
22 1 -6.527839408249836
22 2 -6.949456886529400
22 3 -5.716595072351327
22 4 -1.817180533857039
22 5 -7.414873351768229
22 6 -8.951511764593816
22 7 -1.833142162116762
22 8 -1.610434773713726
22 9 -11.096911274065448
22 10 -7.231408284272195
22 11 -4.911076831647338
22 12 -7.863594765042453
22 13 -3.191134470663453
22 14 -2.143988331437305
22 15 -7.714063031071490
22 16 -10.236710008842337
22 17 -4.362103444614789
22 18 -3.736286964580297
22 19 -6.138526670313071
22 20 -8.382818758507277
22 21 -11.548896397808505
22 22 -7.335711158371886
22 23 -12.108512185743928
22 24 -6.148151383687281
22 25 -10.060819342378673
22 26 -2.384435430375794
23 0 -2.587727711877238
23 1 -6.154662522317813
23 2 -2.528568740514034
23 3 -10.485395862604143
23 4 -2.516557106846312
23 5 -4.390698060854509
23 6 -9.386783573936034
23 7 -4.005351300677491
23 8 -2.235428735072305
23 9 -10.485395862604143
23 10 -9.569105130729989
23 11 -6.735891786673773
23 12 -5.855533064025681
23 13 -8.780647770365718
23 14 -4.829404051784292
23 15 -1.381472119332452
23 16 -6.553570229879818
23 17 -8.875957950170044
23 18 -7.349901646674995
23 19 -1.717910987954685
23 20 -3.552947971031636
23 21 -9.386783573936034
23 22 -7.153191352428940
23 23 -6.460044171868995
23 24 -5.114757834476481
23 25 -11.178543043164089
23 26 -1.950068100992424
24 0 -4.583637399234386
24 1 -5.663531953579554
24 2 -5.287595495898547
24 3 -5.655423801051132
24 4 -2.810483117837365
24 5 -6.912683179999775
24 6 -6.752691099603909
24 7 -7.705249918677380
24 8 -3.932048531317377
24 9 -8.423089711827696
24 10 -7.871670691096452
24 11 -4.698601830246393
24 12 -4.898621733250080
24 13 -5.004426698557908
24 14 -1.959213722298385
24 15 -5.224416594277015
24 16 -10.879825484649000
24 17 -5.457448525010653
24 18 -2.851696425217241
24 19 -4.713707595387243
24 20 -7.071312855590519
24 21 -8.032013341171632
24 22 -5.630610831108696
24 23 -9.997436304450527
24 24 -8.887395319958793
24 25 -8.568941588840259
24 26 -0.432314504243443
25 0 -1.953010089331907
25 1 -5.671762931223541
25 2 -6.402650439766334
25 3 -7.175840327999816
25 4 -1.128566656563330
25 5 -5.533612592742724
25 6 -6.503746556637703
25 7 -5.050589250288685
25 8 -1.771100509847575
25 9 -8.562134689119706
25 10 -6.640322091643453
25 11 -3.693319008508075
25 12 -6.036406044811451
25 13 -7.021689648172557
25 14 -2.600270611788015
25 15 -6.226759773302669
25 16 -7.358161884793770
25 17 -7.135018333479560
25 18 -6.310842890513211
25 19 -6.665014704233825
25 20 -3.997786497651870
25 21 -6.482693147439870
25 22 -6.091214281306446
25 23 -7.714836828732502
25 24 -3.481766057008775
25 25 -2.208634591830896
25 26 -2.614970400908304
26 0 -2.121943279884002
26 1 -2.989660506184645
26 2 -2.954747629444950
26 3 -3.526839552598138
26 4 -3.725393411629522
26 5 -3.098961243386078
26 6 -3.896372799516110
26 7 -3.204303530826623
26 8 -2.637768153083867
26 9 -4.963752807581456
26 10 -5.259479576559552
26 11 -3.611638761767581
26 12 -3.240867089477909
26 13 -3.900575623597686
26 14 -2.785442825852620
26 15 -3.164544066851951
26 16 -6.115720747419278
26 17 -3.586637966844840
26 18 -2.643550005165984
26 19 -1.896218791236379
26 20 -4.372067548044517
26 21 -4.839959919918104
26 22 -2.834365791808686
26 23 -9.347581212716806
26 24 -4.319410792538858
26 25 -7.661129874327687
26 26 -15.908611878613380
